lfpw_trainImage/002.jpg 191.300003 299.799988 160.300003 316.600006 234.000000 321.000000
lfpw_trainImage/004.jpg 130.500000 221.500000 104.199997 243.899994 163.300003 242.199997
lfpw_trainImage/008.jpg 151.399994 198.800003 129.699997 213.699997 179.500000 215.300003
lfpw_trainImage/012.jpg 223.800003 134.699997 194.600006 159.399994 238.000000 148.399994
lfpw_trainImage/013.jpg 293.000000 220.100006 255.800003 246.500000 321.100006 242.399994
lfpw_trainImage/014.jpg 132.800003 137.100006 112.000000 163.500000 152.199997 166.699997
lfpw_trainImage/015.jpg 674.400024 340.700012 644.200012 402.200012 763.400024 410.200012
lfpw_trainImage/017.jpg 227.300003 318.200012 174.699997 339.000000 262.200012 344.200012
lfpw_trainImage/018.jpg 543.200012 312.000000 510.600006 359.299988 620.200012 366.600006
lfpw_trainImage/019.jpg 281.500000 260.700012 235.600006 320.200012 340.000000 326.100006
lfpw_trainImage/020.jpg 132.399994 227.600006 98.000000 249.800003 170.300003 254.100006
lfpw_trainImage/021.jpg 257.399994 185.100006 236.899994 207.199997 286.799988 211.600006
lfpw_trainImage/022.jpg 184.100006 219.399994 160.800003 237.199997 224.300003 240.199997
lfpw_trainImage/023.jpg 140.699997 214.800003 116.300003 250.300003 177.600006 244.399994
lfpw_trainImage/025.jpg 262.799988 165.600006 246.100006 191.500000 303.100006 193.399994
lfpw_trainImage/027.jpg 172.100006 243.000000 160.699997 262.000000 213.699997 244.600006
lfpw_trainImage/028.jpg 173.000000 183.800003 136.399994 204.100006 197.300003 198.100006
lfpw_trainImage/029.jpg 140.500000 189.699997 124.900002 219.500000 181.300003 215.600006
lfpw_trainImage/030.jpg 151.199997 178.600006 141.699997 202.500000 194.800003 201.899994
lfpw_trainImage/031.jpg 127.699997 178.899994 117.800003 200.699997 169.899994 202.699997
lfpw_trainImage/032.jpg 578.299988 435.600006 527.900024 530.099976 696.900024 521.200012
lfpw_trainImage/033.jpg 487.200012 383.500000 446.600006 464.799988 591.599976 426.899994
lfpw_trainImage/034.jpg 726.099976 390.600006 653.200012 438.200012 795.900024 437.500000
lfpw_trainImage/036.jpg 185.800003 120.599998 156.199997 148.600006 193.899994 146.699997
lfpw_trainImage/037.jpg 128.399994 205.399994 111.199997 239.500000 170.800003 240.399994
lfpw_trainImage/041.jpg 128.199997 157.500000 115.599998 180.300003 162.000000 183.600006
lfpw_trainImage/043.jpg 185.699997 267.799988 138.500000 291.200012 218.800003 291.100006
lfpw_trainImage/044.jpg 118.300003 190.199997 112.800003 218.100006 164.000000 221.899994
lfpw_trainImage/045.jpg 172.000000 150.600006 148.899994 175.500000 191.600006 175.300003
lfpw_trainImage/046.jpg 213.399994 156.600006 191.500000 181.000000 239.699997 179.500000
lfpw_trainImage/047.jpg 132.199997 173.100006 120.300003 193.199997 170.199997 188.300003
lfpw_trainImage/052.jpg 141.000000 201.199997 130.800003 223.600006 179.300003 226.100006
lfpw_trainImage/053.jpg 290.600006 95.000000 269.000000 105.800003 309.399994 107.800003
lfpw_trainImage/054.jpg 172.399994 161.699997 156.500000 194.699997 202.500000 199.300003
lfpw_trainImage/055.jpg 172.100006 158.899994 162.300003 186.699997 200.300003 185.100006
lfpw_trainImage/056.jpg 993.700012 748.400024 825.599976 888.700012 1067.000000 829.900024
lfpw_trainImage/058.jpg 221.600006 215.899994 184.300003 237.100006 247.199997 233.699997
lfpw_trainImage/059.jpg 873.700012 562.500000 794.799988 703.799988 945.200012 696.799988
lfpw_trainImage/060.jpg 198.399994 277.600006 152.600006 297.000000 227.899994 300.899994
lfpw_trainImage/061.jpg 1004.599976 1269.199951 894.200012 1405.300049 1254.599976 1355.099976
lfpw_trainImage/062.jpg 818.900024 1116.099976 738.000000 1253.900024 1074.099976 1252.699951
lfpw_trainImage/064.jpg 350.299988 206.600006 320.799988 219.899994 372.299988 220.399994
lfpw_trainImage/065.jpg 192.199997 151.199997 169.300003 203.100006 234.899994 197.600006
lfpw_trainImage/071.jpg 197.500000 266.500000 149.199997 279.799988 233.000000 291.899994
lfpw_trainImage/072.jpg 275.899994 236.100006 248.600006 272.500000 315.500000 277.500000
lfpw_trainImage/073.jpg 213.100006 382.200012 173.399994 428.399994 286.000000 410.500000
lfpw_trainImage/074.jpg 290.899994 387.500000 254.500000 414.200012 356.000000 416.500000
lfpw_trainImage/077.jpg 214.100006 155.600006 190.000000 180.000000 239.300003 180.600006
lfpw_trainImage/078.jpg 135.699997 236.600006 102.500000 278.899994 164.399994 291.799988
lfpw_trainImage/079.jpg 236.500000 366.000000 190.899994 401.299988 298.399994 395.799988
lfpw_trainImage/080.jpg 187.100006 183.300003 148.899994 195.800003 194.100006 209.100006
lfpw_trainImage/081.jpg 601.500000 172.100006 589.900024 195.699997 647.500000 192.100006
lfpw_trainImage/083.jpg 161.600006 147.800003 143.399994 160.100006 184.000000 164.699997
lfpw_trainImage/084.jpg 214.899994 200.800003 178.399994 219.300003 236.800003 225.300003
lfpw_trainImage/085.jpg 199.600006 239.100006 157.600006 265.600006 237.399994 265.600006
lfpw_trainImage/087.jpg 179.800003 157.899994 149.100006 198.100006 191.399994 199.000000
lfpw_trainImage/088.jpg 319.200012 247.500000 263.899994 277.299988 343.600006 275.299988
lfpw_trainImage/089.jpg 158.000000 214.100006 132.100006 238.800003 198.899994 226.600006
lfpw_trainImage/090.jpg 224.199997 135.500000 195.399994 163.399994 234.500000 161.500000
lfpw_trainImage/091.jpg 140.800003 196.500000 97.900002 233.000000 152.899994 221.500000
lfpw_trainImage/092.jpg 157.899994 200.000000 131.000000 244.000000 193.699997 243.000000
lfpw_trainImage/093.jpg 171.000000 204.600006 130.699997 228.699997 198.899994 225.600006
lfpw_trainImage/096.jpg 227.300003 229.500000 196.600006 264.200012 260.399994 266.899994
lfpw_trainImage/097.jpg 796.200012 690.700012 633.500000 770.599976 846.500000 752.299988
lfpw_trainImage/098.jpg 180.600006 234.100006 154.500000 268.000000 229.000000 253.399994
lfpw_trainImage/099.jpg 194.500000 187.300003 156.899994 213.399994 217.500000 199.500000
lfpw_trainImage/100.jpg 135.500000 248.500000 103.000000 282.000000 166.399994 283.899994
lfpw_trainImage/1004.jpg 195.000000 193.100006 183.199997 219.399994 229.399994 216.199997
lfpw_trainImage/1006.jpg 158.199997 312.700012 133.500000 361.100006 243.399994 342.700012
lfpw_trainImage/1007.jpg 170.199997 282.500000 129.300003 307.399994 184.600006 318.000000
lfpw_trainImage/1008.jpg 332.200012 237.399994 298.600006 271.799988 369.200012 272.000000
lfpw_trainImage/1009.jpg 286.399994 222.500000 240.500000 245.100006 327.700012 255.399994
lfpw_trainImage/101.jpg 164.800003 156.500000 147.600006 175.000000 186.500000 172.100006
lfpw_trainImage/1011.jpg 178.899994 183.800003 177.600006 213.300003 232.600006 212.000000
lfpw_trainImage/1012.jpg 103.099998 221.199997 80.599998 251.699997 136.399994 241.899994
lfpw_trainImage/1013.jpg 162.699997 297.700012 119.199997 320.500000 184.600006 317.600006
lfpw_trainImage/1014.jpg 250.899994 224.699997 209.899994 273.100006 296.100006 279.100006
lfpw_trainImage/1015.jpg 201.399994 114.000000 195.600006 149.800003 246.699997 131.300003
lfpw_trainImage/1016.jpg 164.800003 253.399994 136.300003 267.399994 203.800003 277.700012
lfpw_trainImage/1017.jpg 341.600006 170.500000 315.799988 193.199997 365.000000 190.000000
lfpw_trainImage/1018.jpg 461.000000 680.000000 396.100006 772.799988 529.900024 751.799988
lfpw_trainImage/1019.jpg 206.600006 199.500000 203.199997 231.199997 250.899994 227.199997
lfpw_trainImage/102.jpg 202.199997 187.199997 175.000000 209.600006 227.699997 200.500000
lfpw_trainImage/1020.jpg 543.700012 315.799988 512.299988 346.299988 593.500000 336.200012
lfpw_trainImage/1021.jpg 648.700012 154.399994 639.299988 186.800003 688.000000 186.300003
lfpw_trainImage/1022.jpg 399.500000 151.899994 337.799988 211.500000 423.100006 228.699997
lfpw_trainImage/1023.jpg 285.200012 281.600006 224.399994 322.000000 343.600006 325.399994
lfpw_trainImage/1025.jpg 198.399994 210.899994 157.000000 252.100006 215.600006 246.600006
lfpw_trainImage/1026.jpg 91.900002 209.800003 76.900002 233.000000 114.199997 239.199997
lfpw_trainImage/1027.jpg 138.699997 330.500000 114.800003 370.299988 175.699997 370.100006
lfpw_trainImage/1028.jpg 229.699997 162.800003 192.800003 213.199997 299.000000 199.399994
lfpw_trainImage/103.jpg 305.000000 239.000000 260.000000 264.200012 336.299988 261.000000
lfpw_trainImage/1031.jpg 191.500000 163.399994 158.800003 188.899994 200.199997 187.800003
lfpw_trainImage/1032.jpg 162.199997 134.800003 123.199997 152.100006 170.100006 143.800003
lfpw_trainImage/1033.jpg 245.899994 104.199997 223.800003 129.500000 274.799988 124.599998
lfpw_trainImage/1034.jpg 175.000000 139.500000 140.300003 174.899994 197.699997 172.600006
lfpw_trainImage/1035.jpg 186.699997 163.500000 152.899994 191.000000 216.300003 187.500000
lfpw_trainImage/1036.jpg 180.699997 210.300003 142.899994 252.500000 240.500000 249.199997
lfpw_trainImage/1037.jpg 200.000000 283.100006 163.500000 321.799988 247.800003 313.799988
lfpw_trainImage/1038.jpg 217.000000 248.600006 182.699997 282.700012 254.500000 274.899994
lfpw_trainImage/1039.jpg 163.800003 190.500000 143.199997 219.899994 201.600006 213.199997
lfpw_trainImage/104.jpg 251.199997 205.000000 251.500000 233.100006 299.200012 222.800003
lfpw_trainImage/1040.jpg 264.600006 237.000000 212.500000 268.500000 275.600006 263.299988
lfpw_trainImage/1041.jpg 205.500000 296.899994 167.600006 338.100006 261.000000 313.899994
lfpw_trainImage/1043.jpg 173.399994 145.399994 146.800003 169.600006 189.000000 174.000000
lfpw_trainImage/1044.jpg 165.500000 202.800003 135.199997 228.000000 199.899994 218.800003
lfpw_trainImage/1045.jpg 255.500000 125.000000 205.300003 160.100006 292.899994 160.899994
lfpw_trainImage/1046.jpg 153.300003 196.000000 136.000000 214.699997 195.600006 213.800003
lfpw_trainImage/1047.jpg 195.399994 276.799988 168.500000 311.200012 238.500000 299.600006
lfpw_trainImage/1048.jpg 371.600006 253.699997 354.600006 286.299988 434.200012 267.399994
lfpw_trainImage/1049.jpg 206.199997 136.500000 183.399994 160.000000 226.699997 160.600006
lfpw_trainImage/105.jpg 195.199997 172.600006 176.699997 204.199997 226.500000 197.000000
lfpw_trainImage/1050.jpg 262.799988 88.500000 249.899994 111.300003 278.100006 114.400002
lfpw_trainImage/1051.jpg 80.599998 130.500000 68.300003 157.699997 120.000000 149.199997
lfpw_trainImage/1052.jpg 185.100006 124.699997 160.100006 158.300003 209.800003 157.100006
lfpw_trainImage/1054.jpg 137.300003 196.600006 103.599998 232.100006 179.399994 228.800003
lfpw_trainImage/1055.jpg 110.599998 147.399994 89.400002 165.899994 130.199997 161.100006
lfpw_trainImage/1056.jpg 239.000000 192.000000 216.100006 234.000000 288.500000 231.899994
lfpw_trainImage/1059.jpg 178.500000 204.000000 138.199997 227.899994 217.300003 222.100006
lfpw_trainImage/106.jpg 257.200012 144.100006 238.300003 167.399994 292.700012 159.500000
lfpw_trainImage/1061.jpg 211.500000 123.300003 201.800003 141.600006 241.199997 135.100006
lfpw_trainImage/1065.jpg 187.199997 297.100006 134.100006 339.200012 244.899994 331.799988
lfpw_trainImage/1066.jpg 219.500000 265.000000 163.899994 308.600006 256.299988 301.600006
lfpw_trainImage/1067.jpg 223.899994 149.000000 206.899994 174.699997 251.100006 171.300003
lfpw_trainImage/1070.jpg 239.600006 137.100006 208.699997 163.100006 279.200012 158.800003
lfpw_trainImage/1071.jpg 203.100006 161.100006 160.800003 221.000000 271.000000 201.399994
lfpw_trainImage/1072.jpg 295.000000 161.100006 244.899994 199.899994 311.299988 191.800003
lfpw_trainImage/1073.jpg 213.100006 255.000000 159.800003 324.700012 274.200012 301.600006
lfpw_trainImage/1075.jpg 165.100006 250.500000 125.300003 272.299988 211.899994 283.700012
lfpw_trainImage/1076.jpg 283.200012 176.300003 252.899994 222.199997 331.899994 218.600006
lfpw_trainImage/1077.jpg 101.900002 167.300003 72.699997 184.800003 119.000000 184.699997
lfpw_trainImage/1078.jpg 313.200012 171.300003 280.399994 201.500000 336.700012 205.000000
lfpw_trainImage/108.jpg 233.000000 153.699997 196.800003 174.899994 252.600006 177.399994
lfpw_trainImage/1083.jpg 448.100006 291.700012 420.899994 354.200012 517.400024 350.600006
lfpw_trainImage/1086.jpg 212.000000 141.000000 191.800003 160.899994 236.300003 155.399994
lfpw_trainImage/1087.jpg 384.000000 153.199997 352.600006 186.500000 412.799988 179.699997
lfpw_trainImage/1088.jpg 178.699997 252.100006 130.800003 297.899994 228.399994 291.299988
lfpw_trainImage/1089.jpg 259.299988 442.799988 195.600006 492.600006 364.299988 481.000000
lfpw_trainImage/109.jpg 303.799988 351.700012 264.600006 395.799988 337.100006 396.899994
lfpw_trainImage/1091.jpg 120.199997 176.300003 101.300003 198.500000 157.000000 191.600006
lfpw_trainImage/1092.jpg 161.300003 135.800003 133.000000 153.899994 173.500000 153.199997
lfpw_trainImage/1093.jpg 196.100006 173.300003 160.600006 190.699997 211.000000 191.699997
lfpw_trainImage/1094.jpg 283.000000 250.699997 275.399994 322.299988 362.399994 283.100006
lfpw_trainImage/1097.jpg 235.500000 180.500000 203.600006 205.300003 275.600006 195.300003
lfpw_trainImage/1098.jpg 99.800003 119.699997 81.900002 138.100006 120.300003 135.800003
lfpw_trainImage/110.jpg 171.600006 185.199997 161.199997 203.399994 206.199997 204.699997
lfpw_trainImage/1100.jpg 89.800003 76.699997 67.500000 97.699997 114.800003 97.400002
lfpw_trainImage/1102.jpg 285.000000 315.799988 282.700012 351.899994 358.799988 345.100006
lfpw_trainImage/1104.jpg 202.000000 241.000000 166.199997 275.500000 243.199997 261.600006
lfpw_trainImage/1106.jpg 478.799988 192.899994 449.000000 214.800003 514.799988 212.100006
lfpw_trainImage/1108.jpg 356.399994 230.300003 315.700012 269.000000 378.700012 270.100006
lfpw_trainImage/1109.jpg 224.399994 214.500000 177.199997 273.100006 266.299988 234.100006
lfpw_trainImage/111.jpg 226.100006 170.199997 193.699997 178.500000 246.899994 194.699997
lfpw_trainImage/1112.jpg 141.899994 208.199997 119.500000 230.399994 174.699997 231.399994
lfpw_trainImage/1116.jpg 153.100006 194.199997 115.900002 220.899994 174.100006 219.800003
lfpw_trainImage/1117.jpg 169.399994 239.500000 134.899994 267.700012 209.600006 265.899994
lfpw_trainImage/1119.jpg 756.299988 318.799988 725.200012 367.299988 822.400024 352.799988
lfpw_trainImage/112.jpg 380.100006 132.399994 354.299988 157.699997 406.399994 153.399994
lfpw_trainImage/1121.jpg 125.199997 240.800003 102.599998 272.700012 172.600006 264.000000
lfpw_trainImage/1123.jpg 219.300003 249.500000 151.000000 280.600006 254.899994 285.299988
lfpw_trainImage/1124.jpg 195.600006 215.899994 167.699997 244.000000 227.399994 225.199997
lfpw_trainImage/1125.jpg 189.699997 260.600006 158.699997 295.200012 238.300003 287.100006
lfpw_trainImage/113.jpg 212.800003 198.800003 177.600006 233.300003 256.299988 233.899994
lfpw_trainImage/114.jpg 171.399994 280.299988 155.899994 310.100006 221.600006 330.500000
lfpw_trainImage/116.jpg 95.400002 209.100006 72.900002 237.300003 119.000000 245.300003
lfpw_trainImage/117.jpg 156.699997 297.899994 153.600006 359.399994 240.000000 353.600006
lfpw_trainImage/119.jpg 319.899994 452.100006 250.899994 547.000000 404.500000 533.799988
lfpw_trainImage/121.jpg 245.899994 299.700012 195.899994 325.600006 251.699997 337.600006
lfpw_trainImage/122.jpg 136.899994 118.099998 116.800003 133.500000 155.899994 135.300003
lfpw_trainImage/123.jpg 182.199997 136.000000 162.899994 152.800003 197.800003 147.699997
lfpw_trainImage/125.jpg 76.800003 141.100006 62.200001 152.199997 101.699997 159.000000
lfpw_trainImage/128.jpg 235.300003 156.800003 221.899994 179.100006 269.200012 175.699997
lfpw_trainImage/129.jpg 114.099998 161.600006 105.900002 180.500000 145.699997 177.699997
lfpw_trainImage/130.jpg 282.100006 151.699997 265.700012 196.300003 304.200012 184.699997
lfpw_trainImage/131.jpg 224.800003 304.100006 182.800003 337.899994 258.799988 324.500000
lfpw_trainImage/133.jpg 173.800003 174.000000 132.699997 179.800003 169.699997 197.199997
lfpw_trainImage/135.jpg 275.500000 164.000000 256.700012 190.699997 300.600006 187.399994
lfpw_trainImage/136.jpg 226.600006 156.899994 208.300003 180.800003 248.699997 177.500000
lfpw_trainImage/138.jpg 184.600006 151.899994 150.399994 184.300003 197.899994 189.699997
lfpw_trainImage/139.jpg 133.000000 119.000000 117.000000 137.100006 153.800003 136.199997
lfpw_trainImage/140.jpg 187.500000 158.300003 165.399994 182.699997 212.300003 178.100006
lfpw_trainImage/141.jpg 395.700012 124.300003 365.200012 140.399994 403.899994 141.899994
lfpw_trainImage/143.jpg 194.699997 269.600006 167.500000 324.500000 231.300003 319.399994
lfpw_trainImage/144.jpg 352.200012 304.299988 277.200012 327.500000 362.000000 347.100006
lfpw_trainImage/148.jpg 171.500000 195.899994 141.800003 228.600006 211.000000 235.800003
lfpw_trainImage/149.jpg 172.600006 205.000000 150.000000 220.199997 197.600006 217.300003
lfpw_trainImage/150.jpg 180.500000 242.000000 143.500000 270.399994 221.500000 268.600006
lfpw_trainImage/151.jpg 181.699997 252.100006 150.500000 288.299988 193.300003 273.299988
lfpw_trainImage/152.jpg 498.500000 827.299988 447.899994 890.099976 605.000000 863.599976
lfpw_trainImage/153.jpg 263.899994 150.000000 233.199997 175.399994 279.799988 179.100006
lfpw_trainImage/154.jpg 203.500000 194.300003 173.199997 204.699997 233.699997 209.300003
lfpw_trainImage/155.jpg 237.600006 122.400002 221.199997 156.899994 259.500000 154.100006
lfpw_trainImage/161.jpg 153.100006 208.699997 123.500000 254.600006 169.000000 263.000000
lfpw_trainImage/162.jpg 252.399994 168.699997 229.800003 219.500000 288.899994 207.899994
lfpw_trainImage/163.jpg 265.899994 217.500000 208.000000 294.000000 306.000000 275.700012
lfpw_trainImage/165.jpg 286.399994 354.200012 243.699997 399.500000 335.899994 404.000000
lfpw_trainImage/167.jpg 404.899994 355.299988 330.799988 392.500000 436.799988 393.799988
lfpw_trainImage/168.jpg 253.899994 132.899994 213.000000 164.800003 267.600006 167.800003
lfpw_trainImage/169.jpg 339.000000 196.600006 302.500000 222.899994 347.399994 219.899994
lfpw_trainImage/170.jpg 228.500000 112.699997 212.600006 144.000000 251.699997 143.699997
lfpw_trainImage/171.jpg 301.500000 96.599998 279.799988 120.900002 329.700012 123.199997
lfpw_trainImage/172.jpg 248.699997 155.300003 221.500000 196.899994 280.100006 192.100006
lfpw_trainImage/173.jpg 276.600006 372.399994 225.399994 454.299988 313.100006 449.899994
lfpw_trainImage/174.jpg 305.299988 192.600006 262.000000 207.300003 323.899994 227.100006
lfpw_trainImage/175.jpg 228.100006 212.800003 180.100006 243.000000 240.100006 244.300003
lfpw_trainImage/176.jpg 179.500000 205.500000 136.199997 262.200012 225.699997 260.700012
lfpw_trainImage/179.jpg 223.600006 128.699997 210.000000 162.500000 244.199997 155.300003
lfpw_trainImage/180.jpg 424.399994 193.399994 399.500000 222.199997 449.899994 215.899994
lfpw_trainImage/182.jpg 330.399994 165.199997 277.700012 207.000000 343.600006 188.800003
lfpw_trainImage/183.jpg 198.800003 224.500000 157.300003 244.300003 243.699997 244.000000
lfpw_trainImage/184.jpg 280.000000 158.399994 232.500000 191.699997 295.500000 205.300003
lfpw_trainImage/185.jpg 133.699997 147.800003 122.300003 175.000000 149.000000 168.600006
lfpw_trainImage/186.jpg 240.500000 87.000000 212.100006 112.900002 245.500000 122.599998
lfpw_trainImage/187.jpg 59.299999 215.800003 57.599998 248.600006 97.000000 243.399994
lfpw_trainImage/188.jpg 510.600006 176.000000 481.899994 200.500000 543.500000 198.600006
lfpw_trainImage/189.jpg 172.600006 96.900002 159.600006 118.800003 189.399994 120.699997
lfpw_trainImage/190.jpg 158.199997 82.500000 139.399994 104.599998 175.300003 100.300003
lfpw_trainImage/192.jpg 499.200012 227.100006 465.399994 265.000000 521.200012 264.500000
lfpw_trainImage/193.jpg 179.800003 210.500000 151.899994 229.399994 207.300003 226.100006
lfpw_trainImage/194.jpg 303.500000 194.199997 274.100006 220.000000 321.200012 217.899994
lfpw_trainImage/195.jpg 179.300003 257.100006 146.399994 299.799988 225.100006 288.799988
lfpw_trainImage/196.jpg 290.600006 359.200012 240.800003 409.100006 327.000000 404.799988
lfpw_trainImage/197.jpg 281.100006 146.500000 255.600006 170.500000 303.100006 166.600006
lfpw_trainImage/198.jpg 218.100006 197.800003 215.600006 240.300003 283.100006 223.300003
lfpw_trainImage/199.jpg 159.199997 189.199997 123.599998 211.600006 187.600006 209.399994
lfpw_trainImage/200.jpg 243.399994 184.399994 207.800003 204.399994 256.600006 196.800003
lfpw_trainImage/201.jpg 172.399994 145.600006 143.000000 157.800003 188.000000 159.399994
lfpw_trainImage/202.jpg 192.000000 212.100006 160.000000 248.899994 211.399994 243.000000
lfpw_trainImage/203.jpg 356.799988 133.800003 346.899994 175.800003 401.200012 151.399994
lfpw_trainImage/204.jpg 184.800003 145.699997 167.100006 187.100006 210.199997 176.399994
lfpw_trainImage/205.jpg 183.199997 203.100006 170.899994 222.899994 213.500000 217.800003
lfpw_trainImage/206.jpg 173.500000 150.300003 153.199997 180.000000 187.699997 170.399994
lfpw_trainImage/207.jpg 182.899994 205.000000 140.000000 228.199997 206.699997 230.800003
lfpw_trainImage/210.jpg 117.400002 213.800003 94.300003 244.699997 147.600006 245.300003
lfpw_trainImage/211.jpg 221.399994 287.200012 189.100006 341.799988 273.399994 327.700012
lfpw_trainImage/212.jpg 184.300003 257.700012 136.899994 287.000000 219.699997 294.500000
lfpw_trainImage/213.jpg 669.099976 828.900024 558.700012 877.000000 730.400024 886.000000
lfpw_trainImage/215.jpg 234.600006 240.399994 216.100006 264.299988 256.899994 267.299988
lfpw_trainImage/221.jpg 423.000000 326.000000 330.299988 356.299988 449.000000 388.100006
lfpw_trainImage/222.jpg 178.300003 219.699997 141.199997 229.600006 196.399994 234.000000
lfpw_trainImage/223.jpg 103.000000 179.399994 93.599998 196.800003 140.000000 187.600006
lfpw_trainImage/226.jpg 359.799988 166.600006 347.000000 198.399994 390.500000 199.699997
lfpw_trainImage/229.jpg 1078.099976 519.500000 1014.700012 626.099976 1168.500000 591.799988
lfpw_trainImage/230.jpg 174.300003 238.500000 162.899994 264.500000 210.100006 276.200012
lfpw_trainImage/231.jpg 328.100006 129.699997 325.100006 166.800003 370.899994 144.100006
lfpw_trainImage/234.jpg 227.699997 182.600006 206.500000 204.899994 254.600006 204.199997
lfpw_trainImage/235.jpg 331.000000 155.699997 303.100006 181.399994 360.399994 173.500000
lfpw_trainImage/236.jpg 151.699997 149.300003 149.600006 172.399994 186.500000 166.100006
lfpw_trainImage/237.jpg 180.800003 229.500000 158.600006 250.300003 206.199997 242.699997
lfpw_trainImage/238.jpg 179.800003 324.200012 149.100006 354.399994 196.500000 353.299988
lfpw_trainImage/239.jpg 862.700012 604.599976 844.299988 639.099976 929.799988 639.799988
lfpw_trainImage/242.jpg 141.399994 124.199997 115.099998 145.800003 147.699997 146.699997
lfpw_trainImage/243.jpg 624.400024 759.099976 474.600006 820.400024 663.599976 838.799988
lfpw_trainImage/245.jpg 281.000000 144.699997 265.100006 165.600006 319.500000 154.000000
lfpw_trainImage/246.jpg 270.700012 260.200012 235.500000 288.000000 312.899994 292.200012
lfpw_trainImage/248.jpg 134.399994 110.900002 117.199997 137.199997 166.199997 133.100006
lfpw_trainImage/251.jpg 187.699997 253.500000 188.100006 279.899994 228.100006 273.899994
lfpw_trainImage/252.jpg 85.000000 113.000000 73.199997 135.000000 109.099998 132.100006
lfpw_trainImage/254.jpg 389.299988 133.699997 359.399994 157.699997 399.700012 161.500000
lfpw_trainImage/260.jpg 364.700012 230.000000 324.799988 256.299988 386.100006 256.100006
lfpw_trainImage/261.jpg 305.799988 224.899994 264.899994 274.600006 327.700012 272.399994
lfpw_trainImage/262.jpg 148.300003 204.399994 131.300003 227.800003 197.100006 224.800003
lfpw_trainImage/263.jpg 427.500000 347.799988 382.100006 377.700012 452.100006 392.600006
lfpw_trainImage/264.jpg 135.899994 183.899994 92.699997 232.800003 155.800003 239.500000
lfpw_trainImage/265.jpg 246.000000 176.500000 174.899994 235.300003 292.000000 209.000000
lfpw_trainImage/268.jpg 158.399994 172.000000 133.399994 196.000000 170.800003 202.600006
lfpw_trainImage/269.jpg 111.900002 172.199997 77.000000 200.600006 132.800003 202.300003
lfpw_trainImage/272.jpg 252.199997 146.000000 245.199997 171.199997 280.500000 173.000000
lfpw_trainImage/273.jpg 224.600006 262.399994 177.000000 299.399994 262.600006 302.500000
lfpw_trainImage/274.jpg 227.199997 415.500000 156.000000 486.200012 283.899994 486.799988
lfpw_trainImage/275.jpg 117.500000 153.100006 97.300003 177.600006 149.399994 175.500000
lfpw_trainImage/276.jpg 290.500000 157.699997 236.100006 205.500000 321.299988 206.699997
lfpw_trainImage/280.jpg 430.799988 195.399994 408.299988 220.100006 472.899994 227.899994
lfpw_trainImage/281.jpg 182.500000 248.199997 160.600006 271.299988 208.199997 268.200012
lfpw_trainImage/283.jpg 159.800003 137.500000 149.000000 161.199997 185.399994 162.100006
lfpw_trainImage/284.jpg 329.600006 307.100006 274.399994 362.200012 385.600006 356.399994
lfpw_trainImage/288.jpg 256.899994 140.300003 239.699997 163.100006 279.899994 161.800003
lfpw_trainImage/289.jpg 268.100006 158.100006 262.600006 180.199997 295.200012 183.399994
lfpw_trainImage/291.jpg 451.700012 188.500000 411.000000 228.800003 470.600006 227.600006
lfpw_trainImage/292.jpg 271.600006 264.600006 227.699997 301.600006 301.700012 290.000000
lfpw_trainImage/294.jpg 180.899994 214.199997 158.800003 249.899994 204.600006 251.000000
lfpw_trainImage/295.jpg 311.100006 313.299988 251.500000 338.799988 325.899994 356.000000
lfpw_trainImage/296.jpg 349.299988 230.300003 332.399994 260.799988 405.200012 247.500000
lfpw_trainImage/297.jpg 316.700012 227.600006 260.000000 257.799988 340.899994 270.200012
lfpw_trainImage/298.jpg 382.299988 247.800003 343.399994 317.600006 432.399994 294.500000
lfpw_trainImage/299.jpg 160.399994 240.100006 128.000000 256.500000 190.300003 261.899994
lfpw_trainImage/301.jpg 295.899994 300.700012 257.299988 350.200012 322.600006 330.200012
lfpw_trainImage/302.jpg 196.100006 191.600006 171.899994 212.100006 213.100006 212.199997
lfpw_trainImage/303.jpg 197.699997 214.800003 166.399994 235.500000 223.199997 235.699997
lfpw_trainImage/304.jpg 105.800003 275.799988 83.199997 298.799988 125.800003 299.299988
lfpw_trainImage/306.jpg 181.899994 320.399994 122.000000 352.799988 227.399994 367.299988
lfpw_trainImage/307.jpg 270.299988 134.399994 248.800003 175.399994 304.700012 170.199997
lfpw_trainImage/309.jpg 183.199997 213.800003 148.199997 251.199997 210.399994 247.300003
lfpw_trainImage/310.jpg 130.399994 211.000000 130.699997 229.300003 188.399994 228.899994
lfpw_trainImage/311.jpg 242.899994 165.600006 235.100006 193.100006 282.700012 186.199997
lfpw_trainImage/312.jpg 299.600006 186.600006 284.799988 213.300003 332.100006 211.899994
lfpw_trainImage/315.jpg 150.300003 169.199997 120.099998 181.699997 175.800003 180.600006
lfpw_trainImage/317.jpg 333.799988 220.399994 279.200012 255.399994 361.700012 271.000000
lfpw_trainImage/318.jpg 414.100006 225.500000 383.600006 258.500000 466.200012 256.399994
lfpw_trainImage/319.jpg 147.600006 104.500000 131.899994 129.000000 178.500000 129.899994
lfpw_trainImage/320.jpg 248.800003 105.199997 220.699997 123.199997 254.100006 124.699997
lfpw_trainImage/321.jpg 486.600006 324.100006 469.799988 381.899994 545.799988 370.399994
lfpw_trainImage/322.jpg 152.500000 232.500000 127.699997 261.700012 206.100006 258.799988
lfpw_trainImage/323.jpg 220.300003 409.399994 189.300003 448.000000 296.899994 438.299988
lfpw_trainImage/324.jpg 294.799988 420.500000 233.199997 445.000000 348.399994 468.700012
lfpw_trainImage/325.jpg 339.100006 359.200012 294.500000 384.399994 395.100006 387.700012
lfpw_trainImage/326.jpg 301.799988 354.500000 250.600006 402.899994 351.000000 379.799988
lfpw_trainImage/327.jpg 182.899994 133.800003 161.399994 153.699997 195.000000 157.500000
lfpw_trainImage/329.jpg 272.600006 198.399994 228.800003 210.100006 308.000000 224.500000
lfpw_trainImage/330.jpg 649.799988 343.600006 584.099976 416.899994 684.000000 387.700012
lfpw_trainImage/333.jpg 248.100006 259.299988 213.500000 278.500000 286.600006 292.799988
lfpw_trainImage/334.jpg 249.600006 209.100006 193.699997 213.500000 274.600006 238.399994
lfpw_trainImage/335.jpg 85.000000 226.699997 59.200001 271.200012 108.400002 280.500000
lfpw_trainImage/339.jpg 212.000000 127.099998 176.000000 160.300003 240.000000 165.699997
lfpw_trainImage/340.jpg 275.799988 201.100006 242.300003 240.899994 322.299988 246.399994
lfpw_trainImage/341.jpg 235.199997 185.000000 207.699997 206.399994 259.100006 205.600006
lfpw_trainImage/344.jpg 648.700012 499.399994 634.099976 620.599976 763.500000 596.700012
lfpw_trainImage/345.jpg 161.100006 198.600006 128.100006 229.899994 188.300003 225.100006
lfpw_trainImage/346.jpg 305.000000 289.100006 256.100006 352.899994 330.600006 344.000000
lfpw_trainImage/347.jpg 164.300003 133.100006 121.000000 164.300003 195.000000 169.399994
lfpw_trainImage/350.jpg 293.500000 91.599998 276.000000 119.699997 316.399994 109.400002
lfpw_trainImage/351.jpg 227.199997 157.300003 188.800003 195.500000 262.799988 199.699997
lfpw_trainImage/352.jpg 227.899994 253.399994 192.699997 303.100006 255.899994 299.200012
lfpw_trainImage/353.jpg 98.699997 164.500000 81.300003 212.699997 151.899994 201.699997
lfpw_trainImage/355.jpg 138.399994 162.199997 114.000000 181.100006 169.899994 177.100006
lfpw_trainImage/356.jpg 203.899994 222.000000 169.600006 272.299988 247.000000 265.200012
lfpw_trainImage/357.jpg 154.100006 226.300003 116.500000 264.899994 208.100006 254.699997
lfpw_trainImage/358.jpg 156.100006 104.699997 149.300003 127.900002 187.000000 126.199997
lfpw_trainImage/359.jpg 121.099998 150.199997 103.800003 194.800003 164.100006 172.100006
lfpw_trainImage/360.jpg 191.600006 162.899994 172.399994 192.600006 210.899994 189.600006
lfpw_trainImage/361.jpg 183.300003 226.399994 140.600006 267.799988 227.899994 270.000000
lfpw_trainImage/362.jpg 86.699997 91.199997 72.500000 119.599998 115.599998 115.400002
lfpw_trainImage/366.jpg 299.899994 194.899994 237.000000 218.199997 317.799988 222.000000
lfpw_trainImage/367.jpg 456.299988 307.299988 366.700012 351.299988 535.500000 362.000000
lfpw_trainImage/370.jpg 134.300003 176.899994 99.800003 203.600006 165.500000 207.000000
lfpw_trainImage/371.jpg 183.699997 273.899994 173.000000 303.500000 232.899994 311.700012
lfpw_trainImage/372.jpg 193.500000 216.800003 177.399994 253.899994 226.300003 255.000000
lfpw_trainImage/373.jpg 132.100006 139.699997 120.599998 169.399994 159.199997 170.600006
lfpw_trainImage/374.jpg 244.399994 158.100006 220.000000 184.899994 278.399994 183.000000
lfpw_trainImage/375.jpg 225.000000 212.600006 200.699997 231.699997 249.199997 227.500000
lfpw_trainImage/377.jpg 54.200001 597.000000 43.599998 624.900024 87.800003 620.099976
lfpw_trainImage/378.jpg 217.699997 217.899994 186.000000 245.500000 243.000000 239.600006
lfpw_trainImage/380.jpg 1028.900024 1031.500000 896.099976 1229.900024 1220.599976 1237.699951
lfpw_trainImage/381.jpg 222.800003 136.300003 188.100006 158.800003 236.699997 163.500000
lfpw_trainImage/382.jpg 251.199997 92.500000 231.500000 136.500000 280.299988 137.899994
lfpw_trainImage/383.jpg 115.099998 182.899994 96.500000 211.100006 150.600006 212.199997
lfpw_trainImage/384.jpg 283.799988 168.000000 253.500000 180.199997 297.500000 180.800003
lfpw_trainImage/385.jpg 321.399994 238.600006 291.100006 285.100006 364.399994 279.399994
lfpw_trainImage/387.jpg 258.700012 269.799988 205.899994 306.200012 283.299988 306.299988
lfpw_trainImage/388.jpg 252.100006 212.000000 215.100006 240.800003 283.000000 241.699997
lfpw_trainImage/389.jpg 206.000000 170.399994 183.899994 214.899994 237.600006 207.199997
lfpw_trainImage/393.jpg 122.300003 618.599976 100.800003 654.299988 154.800003 646.599976
lfpw_trainImage/394.jpg 128.500000 145.699997 107.500000 170.000000 160.699997 169.899994
lfpw_trainImage/395.jpg 205.399994 185.000000 162.800003 209.699997 224.100006 215.399994
lfpw_trainImage/396.jpg 142.000000 206.000000 104.699997 241.600006 177.100006 258.100006
lfpw_trainImage/397.jpg 107.199997 130.899994 82.400002 155.300003 122.300003 156.800003
lfpw_trainImage/398.jpg 228.199997 177.399994 191.899994 203.899994 257.299988 202.699997
lfpw_trainImage/399.jpg 276.500000 136.800003 268.100006 158.000000 305.600006 158.399994
lfpw_trainImage/400.jpg 231.800003 276.200012 193.899994 298.799988 266.200012 294.600006
lfpw_trainImage/401.jpg 242.699997 193.199997 211.800003 218.699997 253.899994 224.399994
lfpw_trainImage/404.jpg 408.600006 135.199997 386.600006 159.300003 441.600006 155.100006
lfpw_trainImage/405.jpg 229.500000 116.800003 221.399994 140.600006 249.399994 134.699997
lfpw_trainImage/406.jpg 225.300003 507.899994 193.600006 548.200012 265.100006 554.799988
lfpw_trainImage/407.jpg 320.200012 242.399994 296.299988 299.899994 365.600006 297.600006
lfpw_trainImage/408.jpg 298.200012 169.899994 255.300003 203.500000 323.399994 200.199997
lfpw_trainImage/409.jpg 218.000000 132.800003 189.899994 159.199997 224.800003 157.899994
lfpw_trainImage/410.jpg 266.500000 189.399994 236.699997 220.300003 306.000000 217.600006
lfpw_trainImage/413.jpg 223.399994 189.100006 191.199997 229.199997 250.000000 222.300003
lfpw_trainImage/414.jpg 82.199997 225.800003 84.199997 254.899994 124.000000 245.199997
lfpw_trainImage/417.jpg 256.000000 200.899994 210.500000 230.899994 275.600006 227.199997
lfpw_trainImage/418.jpg 299.500000 174.600006 240.699997 241.600006 335.500000 228.600006
lfpw_trainImage/419.jpg 309.600006 270.600006 267.700012 305.299988 372.100006 298.600006
lfpw_trainImage/421.jpg 212.600006 121.099998 186.600006 150.600006 239.000000 152.800003
lfpw_trainImage/422.jpg 179.399994 191.399994 156.800003 250.399994 228.800003 249.100006
lfpw_trainImage/423.jpg 157.399994 154.899994 128.199997 172.600006 184.399994 176.100006
lfpw_trainImage/424.jpg 264.100006 162.000000 256.600006 203.899994 307.000000 199.500000
lfpw_trainImage/426.jpg 260.200012 160.000000 222.100006 186.100006 273.700012 192.699997
lfpw_trainImage/427.jpg 191.899994 185.399994 166.199997 211.899994 214.399994 215.199997
lfpw_trainImage/428.jpg 539.099976 156.899994 515.700012 196.399994 584.299988 196.699997
lfpw_trainImage/429.jpg 217.300003 203.500000 190.399994 230.000000 258.399994 227.500000
lfpw_trainImage/430.jpg 865.799988 1804.800049 800.500000 1927.099976 986.400024 1936.000000
lfpw_trainImage/431.jpg 229.100006 232.600006 180.100006 286.500000 281.700012 288.500000
lfpw_trainImage/434.jpg 345.500000 183.199997 304.000000 230.800003 374.399994 232.399994
lfpw_trainImage/435.jpg 388.899994 138.600006 378.100006 159.800003 416.000000 155.399994
lfpw_trainImage/437.jpg 276.399994 378.200012 205.100006 442.500000 303.600006 428.100006
lfpw_trainImage/438.jpg 168.899994 113.199997 154.500000 151.699997 202.600006 147.600006
lfpw_trainImage/439.jpg 133.899994 178.500000 116.500000 211.000000 168.899994 201.899994
lfpw_trainImage/440.jpg 189.000000 161.300003 173.500000 204.500000 220.899994 206.300003
lfpw_trainImage/441.jpg 942.500000 1229.699951 833.200012 1445.500000 1164.099976 1431.199951
lfpw_trainImage/442.jpg 186.300003 166.800003 168.100006 195.899994 225.600006 193.500000
lfpw_trainImage/443.jpg 294.500000 308.799988 224.300003 350.899994 315.399994 361.399994
lfpw_trainImage/445.jpg 168.199997 183.300003 157.899994 206.199997 205.699997 203.699997
lfpw_trainImage/446.jpg 154.699997 284.399994 128.399994 339.500000 206.399994 330.100006
lfpw_trainImage/449.jpg 467.700012 150.699997 429.100006 216.699997 510.700012 216.899994
lfpw_trainImage/451.jpg 270.399994 98.500000 243.199997 121.699997 275.700012 123.099998
lfpw_trainImage/452.jpg 286.700012 150.000000 236.300003 191.199997 311.899994 201.399994
lfpw_trainImage/453.jpg 294.899994 171.300003 262.899994 210.800003 322.299988 210.399994
lfpw_trainImage/455.jpg 316.600006 179.100006 301.000000 205.000000 360.799988 205.800003
lfpw_trainImage/456.jpg 246.300003 145.899994 209.699997 175.699997 263.899994 175.000000
lfpw_trainImage/457.jpg 167.300003 192.899994 140.500000 235.800003 189.500000 235.000000
lfpw_trainImage/459.jpg 1022.700012 1261.300049 912.400024 1380.800049 1273.300049 1332.099976
lfpw_trainImage/460.jpg 114.000000 201.100006 85.800003 245.600006 161.199997 235.399994
lfpw_trainImage/461.jpg 220.699997 228.300003 162.800003 292.899994 242.500000 307.799988
lfpw_trainImage/462.jpg 163.500000 108.900002 154.899994 138.899994 189.500000 132.399994
lfpw_trainImage/463.jpg 165.899994 247.600006 114.900002 289.100006 172.300003 296.399994
lfpw_trainImage/464.jpg 131.500000 143.300003 121.500000 164.899994 157.699997 153.800003
lfpw_trainImage/465.jpg 195.699997 270.000000 152.500000 313.399994 243.800003 311.000000
lfpw_trainImage/467.jpg 642.200012 316.299988 630.299988 340.899994 658.599976 341.700012
lfpw_trainImage/469.jpg 170.699997 328.899994 130.000000 379.000000 222.000000 379.299988
lfpw_trainImage/470.jpg 221.100006 273.100006 166.800003 315.000000 238.500000 306.899994
lfpw_trainImage/471.jpg 182.699997 201.199997 149.600006 230.399994 208.100006 222.100006
lfpw_trainImage/472.jpg 241.300003 158.800003 204.399994 183.199997 262.700012 186.000000
lfpw_trainImage/475.jpg 226.300003 185.199997 213.199997 227.800003 262.700012 220.600006
lfpw_trainImage/476.jpg 382.799988 138.300003 366.299988 166.199997 427.200012 163.500000
lfpw_trainImage/478.jpg 137.000000 198.800003 108.800003 230.899994 174.500000 230.100006
lfpw_trainImage/480.jpg 265.600006 160.100006 243.899994 181.100006 284.700012 183.300003
lfpw_trainImage/483.jpg 173.800003 117.099998 157.399994 141.100006 194.199997 142.500000
lfpw_trainImage/485.jpg 259.000000 176.500000 232.699997 204.100006 285.399994 198.500000
lfpw_trainImage/486.jpg 243.500000 279.500000 204.000000 355.500000 281.299988 341.100006
lfpw_trainImage/487.jpg 255.699997 171.699997 225.899994 200.699997 275.000000 193.800003
lfpw_trainImage/489.jpg 105.800003 104.500000 91.199997 131.699997 126.900002 128.899994
lfpw_trainImage/491.jpg 177.399994 139.199997 166.600006 180.000000 217.600006 176.000000
lfpw_trainImage/493.jpg 206.199997 361.600006 147.899994 402.299988 293.100006 396.399994
lfpw_trainImage/494.jpg 432.399994 230.100006 382.399994 254.899994 468.299988 272.299988
lfpw_trainImage/495.jpg 195.600006 263.799988 154.100006 291.200012 218.100006 294.700012
lfpw_trainImage/496.jpg 381.200012 327.700012 326.000000 360.700012 412.000000 370.299988
lfpw_trainImage/498.jpg 163.399994 272.600006 141.000000 326.200012 236.399994 304.700012
lfpw_trainImage/499.jpg 219.899994 192.199997 192.000000 218.800003 256.100006 217.000000
lfpw_trainImage/500.jpg 255.199997 250.600006 220.199997 285.200012 296.000000 288.299988
lfpw_trainImage/501.jpg 154.500000 189.399994 136.399994 220.000000 175.100006 210.199997
lfpw_trainImage/503.jpg 140.199997 200.500000 112.099998 235.500000 165.100006 239.500000
lfpw_trainImage/504.jpg 245.399994 92.400002 231.399994 115.199997 264.399994 115.699997
lfpw_trainImage/505.jpg 176.000000 143.500000 136.300003 210.600006 203.699997 213.300003
lfpw_trainImage/506.jpg 282.700012 263.399994 238.800003 327.299988 328.600006 324.799988
lfpw_trainImage/507.jpg 210.500000 143.000000 170.899994 188.899994 240.800003 194.000000
lfpw_trainImage/509.jpg 148.000000 149.399994 139.600006 180.600006 178.199997 183.800003
lfpw_trainImage/510.jpg 213.000000 153.100006 194.199997 186.899994 239.100006 179.300003
lfpw_trainImage/511.jpg 196.199997 205.399994 165.300003 228.899994 213.399994 232.500000
lfpw_trainImage/512.jpg 212.300003 674.200012 151.899994 726.000000 278.899994 726.200012
lfpw_trainImage/513.jpg 151.399994 243.300003 100.900002 286.100006 184.399994 292.799988
lfpw_trainImage/515.jpg 204.000000 287.600006 174.699997 336.799988 247.399994 335.500000
lfpw_trainImage/516.jpg 192.000000 193.199997 161.600006 209.100006 216.199997 211.100006
lfpw_trainImage/517.jpg 198.100006 191.100006 168.899994 215.600006 224.699997 213.600006
lfpw_trainImage/518.jpg 185.000000 182.600006 156.600006 205.699997 211.300003 208.000000
lfpw_trainImage/519.jpg 171.600006 197.699997 155.100006 229.899994 213.600006 227.500000
lfpw_trainImage/520.jpg 214.300003 198.399994 188.699997 230.800003 242.800003 228.100006
lfpw_trainImage/521.jpg 142.800003 215.800003 123.699997 228.800003 165.199997 228.100006
lfpw_trainImage/523.jpg 1150.900024 757.700012 1045.699951 823.099976 1310.099976 884.200012
lfpw_trainImage/524.jpg 467.799988 344.600006 382.399994 403.299988 493.299988 434.399994
lfpw_trainImage/525.jpg 339.799988 221.800003 324.100006 239.000000 370.200012 241.000000
lfpw_trainImage/527.jpg 139.899994 225.399994 138.800003 272.299988 192.300003 250.399994
lfpw_trainImage/528.jpg 386.000000 291.200012 358.500000 327.899994 429.600006 327.799988
lfpw_trainImage/529.jpg 205.899994 274.299988 190.500000 317.100006 274.100006 322.000000
lfpw_trainImage/530.jpg 94.800003 207.699997 57.299999 242.500000 136.300003 242.300003
lfpw_trainImage/534.jpg 313.100006 132.800003 293.799988 155.300003 338.399994 152.500000
lfpw_trainImage/535.jpg 125.699997 260.200012 94.000000 301.100006 177.300003 295.700012
lfpw_trainImage/536.jpg 223.500000 142.800003 187.800003 159.000000 231.899994 167.300003
lfpw_trainImage/537.jpg 110.000000 213.100006 92.099998 239.600006 156.000000 239.199997
lfpw_trainImage/538.jpg 205.199997 132.100006 184.399994 152.100006 217.600006 150.600006
lfpw_trainImage/539.jpg 202.100006 241.000000 141.000000 279.899994 209.100006 292.000000
lfpw_trainImage/540.jpg 393.299988 293.899994 344.799988 341.700012 442.500000 348.100006
lfpw_trainImage/544.jpg 278.399994 220.199997 221.399994 253.500000 290.600006 254.100006
lfpw_trainImage/546.jpg 216.100006 256.899994 165.000000 293.399994 265.799988 286.299988
lfpw_trainImage/548.jpg 219.300003 152.699997 188.899994 184.199997 248.699997 177.199997
lfpw_trainImage/549.jpg 249.500000 220.899994 197.100006 277.700012 305.799988 266.799988
lfpw_trainImage/550.jpg 183.500000 156.699997 156.199997 172.899994 188.199997 175.000000
lfpw_trainImage/551.jpg 122.800003 160.399994 110.400002 183.399994 159.000000 182.600006
lfpw_trainImage/553.jpg 238.100006 131.100006 195.199997 164.699997 246.800003 171.800003
lfpw_trainImage/555.jpg 220.000000 156.100006 201.399994 160.300003 245.500000 170.500000
lfpw_trainImage/556.jpg 151.199997 145.000000 152.800003 177.899994 186.800003 165.100006
lfpw_trainImage/557.jpg 151.300003 215.399994 114.599998 245.800003 160.300003 240.899994
lfpw_trainImage/559.jpg 213.500000 230.199997 178.800003 275.899994 243.699997 272.500000
lfpw_trainImage/560.jpg 232.300003 159.600006 220.500000 194.699997 276.399994 187.500000
lfpw_trainImage/563.jpg 55.599998 277.200012 40.099998 297.000000 75.199997 304.200012
lfpw_trainImage/564.jpg 223.899994 136.000000 206.800003 165.600006 270.299988 157.800003
lfpw_trainImage/568.jpg 185.100006 171.300003 166.300003 198.699997 207.199997 198.399994
lfpw_trainImage/575.jpg 371.399994 231.600006 341.500000 292.500000 428.899994 279.299988
lfpw_trainImage/576.jpg 344.700012 274.500000 273.899994 339.500000 389.100006 349.799988
lfpw_trainImage/577.jpg 387.799988 340.200012 340.399994 364.600006 438.200012 400.700012
lfpw_trainImage/578.jpg 203.699997 242.100006 136.899994 281.899994 210.199997 289.600006
lfpw_trainImage/581.jpg 439.799988 286.600006 396.399994 312.200012 483.799988 335.399994
lfpw_trainImage/582.jpg 143.800003 141.000000 97.400002 168.100006 150.699997 171.699997
lfpw_trainImage/587.jpg 266.500000 122.599998 242.899994 166.300003 281.299988 152.699997
lfpw_trainImage/589.jpg 548.599976 816.500000 511.700012 884.500000 725.700012 861.299988
lfpw_trainImage/590.jpg 163.100006 156.399994 136.699997 193.000000 176.000000 188.699997
lfpw_trainImage/593.jpg 134.500000 299.799988 80.500000 317.700012 136.300003 324.899994
lfpw_trainImage/594.jpg 448.700012 463.500000 441.000000 576.299988 562.200012 541.700012
lfpw_trainImage/595.jpg 136.800003 126.599998 126.500000 151.100006 169.500000 144.500000
lfpw_trainImage/597.jpg 163.000000 279.299988 131.300003 335.200012 223.699997 339.700012
lfpw_trainImage/598.jpg 210.100006 306.700012 160.699997 328.000000 257.600006 332.600006
lfpw_trainImage/599.jpg 194.600006 280.299988 133.699997 351.000000 234.000000 367.399994
lfpw_trainImage/600.jpg 329.299988 211.800003 303.600006 250.500000 373.100006 245.699997
lfpw_trainImage/601.jpg 225.699997 157.899994 214.000000 186.899994 257.299988 184.600006
lfpw_trainImage/602.jpg 204.600006 250.100006 185.000000 278.399994 253.699997 268.600006
lfpw_trainImage/605.jpg 289.500000 109.000000 279.500000 143.000000 329.100006 139.399994
lfpw_trainImage/606.jpg 129.800003 191.100006 111.400002 222.500000 158.800003 214.100006
lfpw_trainImage/607.jpg 401.299988 92.699997 378.299988 118.599998 419.399994 121.500000
lfpw_trainImage/608.jpg 296.799988 172.199997 276.500000 232.399994 350.100006 213.699997
lfpw_trainImage/609.jpg 296.700012 219.399994 228.899994 260.399994 309.600006 262.799988
lfpw_trainImage/610.jpg 146.399994 269.500000 140.100006 318.799988 209.600006 310.000000
lfpw_trainImage/611.jpg 175.699997 208.500000 129.800003 259.500000 215.600006 258.899994
lfpw_trainImage/612.jpg 224.100006 200.899994 173.800003 225.199997 240.199997 241.300003
lfpw_trainImage/613.jpg 169.800003 118.599998 155.300003 144.600006 184.100006 145.000000
lfpw_trainImage/614.jpg 177.699997 140.100006 153.300003 174.500000 198.100006 173.600006
lfpw_trainImage/615.jpg 146.500000 138.800003 115.599998 174.199997 177.600006 173.600006
lfpw_trainImage/616.jpg 341.100006 180.699997 295.700012 206.600006 351.799988 204.699997
lfpw_trainImage/617.jpg 184.000000 125.000000 156.100006 153.600006 208.500000 160.199997
lfpw_trainImage/618.jpg 127.199997 198.500000 89.400002 226.600006 145.500000 228.600006
lfpw_trainImage/619.jpg 121.699997 324.000000 69.599998 377.100006 158.399994 383.399994
lfpw_trainImage/621.jpg 231.800003 136.899994 209.899994 147.800003 251.399994 158.600006
lfpw_trainImage/624.jpg 374.000000 238.300003 320.700012 293.299988 394.000000 313.899994
lfpw_trainImage/625.jpg 333.500000 154.000000 306.799988 195.800003 354.799988 191.899994
lfpw_trainImage/626.jpg 228.399994 148.600006 205.100006 203.899994 291.500000 185.699997
lfpw_trainImage/628.jpg 164.399994 165.100006 140.399994 195.100006 197.899994 196.500000
lfpw_trainImage/629.jpg 221.800003 207.899994 208.500000 233.500000 252.000000 231.399994
lfpw_trainImage/630.jpg 277.600006 247.500000 217.500000 297.899994 319.799988 298.500000
lfpw_trainImage/632.jpg 314.799988 178.300003 275.200012 222.199997 349.299988 221.399994
lfpw_trainImage/633.jpg 213.500000 343.100006 149.600006 429.399994 318.799988 449.500000
lfpw_trainImage/634.jpg 242.600006 248.100006 231.800003 271.799988 265.500000 270.399994
lfpw_trainImage/635.jpg 109.199997 494.299988 88.599998 520.099976 126.500000 511.299988
lfpw_trainImage/636.jpg 114.300003 148.300003 111.199997 179.199997 152.600006 174.300003
lfpw_trainImage/637.jpg 74.699997 315.500000 46.599998 330.100006 94.800003 331.200012
lfpw_trainImage/638.jpg 275.700012 484.100006 159.100006 571.500000 367.600006 581.700012
lfpw_trainImage/639.jpg 296.700012 103.599998 280.100006 133.000000 322.200012 132.500000
lfpw_trainImage/640.jpg 251.199997 228.699997 225.699997 257.200012 292.399994 253.199997
lfpw_trainImage/644.jpg 227.399994 244.899994 155.199997 280.200012 252.600006 292.299988
lfpw_trainImage/645.jpg 217.699997 273.000000 174.399994 335.799988 271.899994 332.500000
lfpw_trainImage/647.jpg 246.600006 210.899994 186.899994 269.700012 269.700012 277.200012
lfpw_trainImage/648.jpg 317.299988 294.200012 282.399994 337.799988 359.100006 339.200012
lfpw_trainImage/649.jpg 208.500000 115.300003 184.899994 137.000000 226.300003 138.000000
lfpw_trainImage/650.jpg 204.600006 147.100006 194.899994 173.100006 239.500000 167.699997
lfpw_trainImage/651.jpg 266.899994 195.399994 218.500000 213.600006 301.500000 231.199997
lfpw_trainImage/654.jpg 194.699997 217.600006 163.100006 288.399994 269.500000 293.299988
lfpw_trainImage/655.jpg 246.500000 197.100006 231.199997 265.000000 289.100006 245.899994
lfpw_trainImage/656.jpg 113.000000 189.399994 99.900002 220.300003 137.300003 216.699997
lfpw_trainImage/657.jpg 330.100006 362.600006 266.500000 432.899994 389.399994 428.700012
lfpw_trainImage/658.jpg 268.799988 440.899994 210.699997 485.799988 320.500000 522.500000
lfpw_trainImage/659.jpg 183.800003 165.899994 142.000000 199.199997 215.000000 202.399994
lfpw_trainImage/660.jpg 467.799988 255.500000 427.700012 312.000000 500.500000 301.100006
lfpw_trainImage/661.jpg 243.000000 103.699997 226.399994 142.699997 285.799988 147.300003
lfpw_trainImage/663.jpg 201.899994 224.100006 170.000000 273.600006 253.500000 257.799988
lfpw_trainImage/665.jpg 195.600006 213.699997 154.000000 232.300003 207.199997 243.800003
lfpw_trainImage/668.jpg 219.899994 149.699997 202.500000 183.300003 253.399994 187.500000
lfpw_trainImage/669.jpg 285.200012 274.899994 225.199997 326.500000 304.000000 323.899994
lfpw_trainImage/670.jpg 909.500000 713.599976 770.000000 835.900024 925.700012 845.299988
lfpw_trainImage/671.jpg 225.300003 286.299988 189.600006 347.899994 295.700012 325.600006
lfpw_trainImage/672.jpg 211.399994 136.899994 181.899994 177.399994 240.000000 173.199997
lfpw_trainImage/673.jpg 235.500000 238.300003 181.699997 268.700012 285.700012 265.299988
lfpw_trainImage/674.jpg 220.899994 226.300003 176.500000 270.200012 258.899994 264.799988
lfpw_trainImage/676.jpg 181.800003 159.699997 164.100006 189.399994 209.600006 186.199997
lfpw_trainImage/677.jpg 157.100006 182.100006 119.300003 209.800003 198.800003 218.300003
lfpw_trainImage/678.jpg 275.399994 324.200012 253.800003 370.200012 315.600006 370.799988
lfpw_trainImage/680.jpg 195.199997 211.399994 165.100006 250.000000 226.600006 254.899994
lfpw_trainImage/681.jpg 169.000000 160.100006 147.699997 179.300003 197.600006 178.800003
lfpw_trainImage/682.jpg 237.000000 192.300003 190.300003 237.500000 286.600006 234.699997
lfpw_trainImage/683.jpg 343.899994 538.099976 295.500000 647.400024 482.100006 612.099976
lfpw_trainImage/684.jpg 144.600006 120.300003 115.199997 154.500000 176.399994 145.600006
lfpw_trainImage/685.jpg 205.199997 156.699997 180.899994 196.899994 237.500000 197.199997
lfpw_trainImage/686.jpg 189.399994 201.899994 137.399994 239.600006 205.199997 241.800003
lfpw_trainImage/687.jpg 143.100006 170.699997 112.000000 218.800003 181.699997 213.199997
lfpw_trainImage/688.jpg 130.500000 171.100006 122.000000 197.199997 160.100006 184.100006
lfpw_trainImage/689.jpg 155.899994 137.000000 128.399994 150.300003 166.500000 151.800003
lfpw_trainImage/690.jpg 213.199997 239.199997 174.899994 266.299988 240.500000 275.899994
lfpw_trainImage/691.jpg 125.199997 140.699997 97.400002 152.800003 140.500000 154.699997
lfpw_trainImage/692.jpg 238.600006 271.899994 192.600006 308.700012 272.200012 312.500000
lfpw_trainImage/694.jpg 187.100006 139.600006 162.399994 165.100006 204.100006 171.600006
lfpw_trainImage/695.jpg 364.700012 177.899994 334.399994 208.500000 385.799988 212.000000
lfpw_trainImage/696.jpg 242.899994 106.599998 210.100006 132.800003 250.000000 138.899994
lfpw_trainImage/697.jpg 133.800003 182.600006 113.199997 219.199997 163.600006 217.899994
lfpw_trainImage/699.jpg 75.099998 91.099998 61.099998 107.900002 105.800003 107.599998
lfpw_trainImage/703.jpg 94.099998 174.699997 67.900002 200.399994 112.800003 203.300003
lfpw_trainImage/704.jpg 120.800003 189.300003 94.400002 229.500000 139.899994 216.500000
lfpw_trainImage/706.jpg 405.200012 188.300003 354.000000 203.300003 427.600006 215.699997
lfpw_trainImage/707.jpg 250.500000 164.100006 217.500000 198.800003 284.299988 196.000000
lfpw_trainImage/710.jpg 240.199997 252.199997 191.199997 274.500000 259.500000 270.399994
lfpw_trainImage/712.jpg 205.600006 149.600006 186.300003 167.300003 231.699997 165.899994
lfpw_trainImage/717.jpg 200.300003 331.700012 181.600006 359.399994 232.000000 357.000000
lfpw_trainImage/718.jpg 242.699997 170.899994 193.199997 204.600006 272.799988 227.199997
lfpw_trainImage/719.jpg 332.299988 172.600006 328.799988 214.399994 368.399994 203.199997
lfpw_trainImage/720.jpg 279.200012 228.899994 264.100006 272.000000 323.500000 266.700012
lfpw_trainImage/722.jpg 168.300003 155.100006 137.300003 191.399994 193.899994 186.199997
lfpw_trainImage/724.jpg 266.000000 168.100006 251.100006 193.899994 304.200012 183.800003
lfpw_trainImage/725.jpg 131.800003 146.199997 129.300003 166.100006 163.300003 154.800003
lfpw_trainImage/729.jpg 231.699997 285.100006 180.500000 324.600006 275.200012 320.000000
lfpw_trainImage/731.jpg 242.199997 436.500000 138.600006 485.899994 287.899994 496.700012
lfpw_trainImage/732.jpg 154.100006 205.699997 130.699997 227.500000 177.000000 225.399994
lfpw_trainImage/735.jpg 361.399994 128.300003 324.100006 164.000000 379.500000 163.800003
lfpw_trainImage/736.jpg 222.600006 201.399994 192.199997 239.699997 277.399994 238.899994
lfpw_trainImage/737.jpg 177.500000 165.100006 156.500000 206.500000 208.399994 200.800003
lfpw_trainImage/738.jpg 377.799988 101.199997 351.899994 139.899994 405.100006 129.500000
lfpw_trainImage/739.jpg 183.199997 223.100006 153.300003 244.000000 206.800003 244.500000
lfpw_trainImage/740.jpg 122.599998 212.300003 119.099998 264.100006 171.500000 248.600006
lfpw_trainImage/741.jpg 167.399994 146.199997 145.300003 172.699997 199.899994 178.000000
lfpw_trainImage/742.jpg 153.800003 271.100006 130.699997 323.600006 221.699997 309.200012
lfpw_trainImage/743.jpg 352.299988 140.699997 327.700012 158.300003 373.100006 159.899994
lfpw_trainImage/744.jpg 176.300003 173.100006 143.800003 194.899994 189.600006 199.800003
lfpw_trainImage/751.jpg 282.399994 169.899994 262.000000 197.600006 297.399994 195.000000
lfpw_trainImage/752.jpg 112.500000 122.400002 94.300003 138.100006 122.800003 136.199997
lfpw_trainImage/753.jpg 194.800003 189.600006 164.199997 218.399994 222.399994 219.399994
lfpw_trainImage/757.jpg 334.200012 159.500000 307.299988 195.899994 341.000000 193.100006
lfpw_trainImage/758.jpg 189.300003 127.599998 157.199997 141.699997 210.000000 144.300003
lfpw_trainImage/759.jpg 114.699997 153.300003 103.900002 177.899994 143.600006 172.399994
lfpw_trainImage/760.jpg 283.899994 205.399994 245.399994 227.800003 309.799988 232.600006
lfpw_trainImage/761.jpg 206.000000 128.199997 181.600006 149.899994 216.000000 152.500000
lfpw_trainImage/762.jpg 155.399994 179.100006 131.000000 202.199997 194.300003 183.600006
lfpw_trainImage/763.jpg 155.300003 126.900002 140.500000 165.000000 185.000000 156.199997
lfpw_trainImage/764.jpg 311.000000 138.399994 299.000000 164.600006 347.899994 165.699997
lfpw_trainImage/771.jpg 228.000000 207.399994 181.000000 254.000000 280.000000 254.100006
lfpw_trainImage/772.jpg 381.500000 174.100006 379.899994 199.100006 418.600006 189.899994
lfpw_trainImage/773.jpg 208.500000 199.800003 184.500000 228.500000 230.100006 232.100006
lfpw_trainImage/774.jpg 158.399994 195.199997 148.100006 214.600006 187.899994 208.199997
lfpw_trainImage/775.jpg 208.800003 139.399994 191.100006 154.399994 238.899994 166.300003
lfpw_trainImage/777.jpg 396.299988 119.900002 369.100006 161.699997 429.000000 150.899994
lfpw_trainImage/778.jpg 148.199997 186.000000 146.899994 210.800003 183.800003 201.600006
lfpw_trainImage/780.jpg 170.899994 236.000000 133.000000 266.500000 222.399994 270.899994
lfpw_trainImage/781.jpg 77.800003 415.200012 52.500000 440.500000 89.800003 439.500000
lfpw_trainImage/782.jpg 198.100006 119.400002 162.699997 165.699997 230.800003 167.500000
lfpw_trainImage/783.jpg 310.899994 148.800003 284.600006 173.500000 331.799988 178.000000
lfpw_trainImage/785.jpg 298.100006 240.199997 249.500000 270.299988 328.100006 271.100006
lfpw_trainImage/788.jpg 200.500000 112.099998 170.899994 130.100006 215.300003 138.300003
lfpw_trainImage/789.jpg 340.899994 225.399994 307.899994 268.899994 372.600006 274.899994
lfpw_trainImage/790.jpg 410.000000 220.800003 375.299988 282.000000 450.600006 266.500000
lfpw_trainImage/791.jpg 240.000000 279.399994 178.100006 314.899994 269.200012 330.299988
lfpw_trainImage/792.jpg 330.000000 362.000000 281.000000 416.700012 406.299988 398.299988
lfpw_trainImage/793.jpg 239.000000 219.399994 189.199997 238.699997 244.899994 247.300003
lfpw_trainImage/794.jpg 144.000000 228.100006 123.400002 236.399994 167.000000 244.100006
lfpw_trainImage/795.jpg 213.199997 224.699997 194.600006 262.100006 238.600006 258.500000
lfpw_trainImage/796.jpg 167.000000 103.800003 154.100006 129.699997 189.600006 138.699997
lfpw_trainImage/798.jpg 162.800003 194.300003 120.300003 223.399994 189.199997 230.300003
lfpw_trainImage/799.jpg 314.500000 153.000000 281.700012 179.500000 330.299988 187.199997
lfpw_trainImage/801.jpg 540.500000 178.699997 507.600006 219.600006 562.700012 221.000000
lfpw_trainImage/804.jpg 252.100006 243.500000 189.899994 280.600006 263.700012 283.799988
lfpw_trainImage/805.jpg 282.299988 241.500000 273.299988 306.899994 355.600006 302.299988
lfpw_trainImage/806.jpg 316.399994 240.800003 253.699997 295.100006 363.000000 281.899994
lfpw_trainImage/807.jpg 123.300003 197.199997 117.000000 228.899994 160.899994 223.199997
lfpw_trainImage/811.jpg 326.500000 274.299988 306.100006 328.100006 377.200012 315.899994
lfpw_trainImage/813.jpg 364.700012 137.300003 362.299988 172.600006 423.000000 155.100006
lfpw_trainImage/814.jpg 211.500000 158.199997 182.199997 174.199997 236.800003 176.000000
lfpw_trainImage/815.jpg 231.000000 191.800003 217.100006 221.500000 271.100006 227.199997
lfpw_trainImage/817.jpg 163.500000 265.700012 111.199997 294.700012 187.100006 296.100006
lfpw_trainImage/821.jpg 226.399994 135.399994 189.300003 158.399994 245.699997 157.100006
lfpw_trainImage/826.jpg 217.899994 190.199997 186.000000 211.699997 251.600006 214.199997
lfpw_trainImage/834.jpg 244.500000 230.100006 187.800003 325.799988 320.299988 328.899994
lfpw_trainImage/835.jpg 215.300003 146.699997 188.300003 172.199997 237.199997 173.100006
lfpw_trainImage/837.jpg 180.899994 265.399994 135.199997 286.899994 211.000000 284.100006
lfpw_trainImage/838.jpg 483.100006 244.199997 475.100006 282.000000 514.400024 276.200012
lfpw_trainImage/840.jpg 410.200012 339.799988 354.200012 396.299988 468.399994 381.600006
lfpw_trainImage/841.jpg 174.199997 138.300003 150.300003 195.699997 220.699997 203.899994
lfpw_trainImage/843.jpg 437.899994 178.000000 405.799988 218.600006 467.000000 207.500000
lfpw_trainImage/846.jpg 201.699997 138.500000 187.000000 169.199997 234.600006 177.000000
lfpw_trainImage/847.jpg 234.399994 229.899994 205.800003 245.500000 267.799988 249.100006
lfpw_trainImage/850.jpg 311.000000 200.399994 283.600006 250.199997 377.500000 251.100006
lfpw_trainImage/853.jpg 165.800003 180.100006 134.100006 209.600006 179.600006 213.199997
lfpw_trainImage/854.jpg 222.500000 170.699997 194.000000 215.000000 250.899994 214.399994
lfpw_trainImage/855.jpg 168.600006 179.899994 144.199997 212.399994 191.100006 214.399994
lfpw_trainImage/856.jpg 346.000000 263.200012 294.100006 307.700012 412.899994 307.799988
lfpw_trainImage/858.jpg 166.399994 173.500000 147.100006 220.300003 224.600006 221.800003
lfpw_trainImage/859.jpg 175.800003 272.700012 147.800003 310.100006 219.199997 304.500000
lfpw_trainImage/861.jpg 159.000000 401.799988 144.300003 427.200012 170.600006 424.000000
lfpw_trainImage/862.jpg 146.699997 230.199997 101.699997 246.600006 171.600006 259.600006
lfpw_trainImage/863.jpg 176.100006 128.199997 152.100006 141.000000 201.399994 141.699997
lfpw_trainImage/865.jpg 373.600006 186.500000 348.600006 219.899994 396.200012 203.199997
lfpw_trainImage/866.jpg 208.199997 136.199997 189.899994 160.600006 232.500000 151.800003
lfpw_trainImage/867.jpg 287.600006 149.000000 247.300003 189.100006 301.299988 180.899994
lfpw_trainImage/868.jpg 187.100006 195.800003 155.100006 216.899994 200.000000 213.800003
lfpw_trainImage/869.jpg 329.600006 298.600006 276.200012 327.200012 361.500000 326.899994
lfpw_trainImage/870.jpg 1052.599976 800.000000 937.099976 887.000000 1249.199951 912.000000
lfpw_trainImage/871.jpg 1024.500000 991.099976 832.599976 1089.000000 1155.300049 1070.099976
lfpw_trainImage/872.jpg 115.000000 144.199997 100.400002 178.500000 145.100006 177.399994
lfpw_trainImage/873.jpg 175.699997 107.400002 171.399994 128.800003 202.199997 130.000000
lfpw_trainImage/874.jpg 285.399994 117.699997 247.199997 151.300003 289.000000 154.600006
lfpw_trainImage/875.jpg 211.699997 159.300003 192.300003 176.600006 244.500000 174.600006
lfpw_trainImage/876.jpg 176.199997 121.599998 156.199997 142.899994 191.500000 138.300003
lfpw_trainImage/877.jpg 149.100006 192.199997 116.699997 215.199997 171.699997 212.399994
lfpw_trainImage/878.jpg 344.700012 474.000000 327.399994 493.299988 368.200012 494.200012
lfpw_trainImage/879.jpg 171.500000 139.800003 147.100006 157.600006 200.500000 157.699997
lfpw_trainImage/880.jpg 246.300003 171.899994 220.100006 214.000000 275.000000 214.800003
lfpw_trainImage/881.jpg 161.699997 159.300003 134.899994 188.000000 194.000000 180.300003
lfpw_trainImage/882.jpg 124.099998 167.399994 117.199997 199.300003 171.199997 197.100006
lfpw_trainImage/887.jpg 169.000000 265.500000 163.500000 306.100006 223.500000 292.500000
lfpw_trainImage/888.jpg 124.099998 161.000000 114.800003 175.300003 155.699997 178.199997
lfpw_trainImage/889.jpg 115.500000 213.500000 79.800003 248.000000 145.399994 249.300003
lfpw_trainImage/890.jpg 183.699997 203.300003 146.899994 233.100006 204.300003 242.800003
lfpw_trainImage/891.jpg 240.699997 183.300003 198.000000 214.300003 288.299988 210.300003
lfpw_trainImage/892.jpg 135.199997 177.600006 115.500000 231.600006 174.000000 231.000000
lfpw_trainImage/893.jpg 146.899994 108.300003 132.600006 140.500000 167.699997 137.899994
lfpw_trainImage/894.jpg 150.699997 155.600006 129.500000 187.500000 182.899994 181.600006
lfpw_trainImage/895.jpg 114.599998 151.800003 110.900002 183.000000 141.399994 175.000000
lfpw_trainImage/897.jpg 162.000000 180.699997 133.800003 212.300003 182.300003 190.800003
lfpw_trainImage/898.jpg 195.199997 211.899994 158.199997 242.699997 229.600006 242.600006
lfpw_trainImage/900.jpg 241.899994 253.100006 220.500000 268.500000 265.000000 267.399994
lfpw_trainImage/901.jpg 232.899994 292.399994 220.500000 348.299988 295.500000 315.299988
lfpw_trainImage/904.jpg 135.199997 171.600006 106.199997 199.899994 162.199997 210.399994
lfpw_trainImage/905.jpg 254.500000 231.699997 222.100006 272.100006 279.899994 271.799988
lfpw_trainImage/908.jpg 146.000000 276.299988 142.100006 301.399994 174.800003 294.799988
lfpw_trainImage/909.jpg 372.299988 281.200012 356.000000 313.200012 417.899994 310.100006
lfpw_trainImage/910.jpg 223.600006 147.899994 197.500000 175.699997 240.300003 170.699997
lfpw_trainImage/911.jpg 117.400002 117.300003 85.199997 139.000000 132.500000 155.500000
lfpw_trainImage/913.jpg 271.799988 184.100006 230.800003 227.699997 295.399994 229.199997
lfpw_trainImage/914.jpg 449.799988 365.700012 394.799988 427.200012 502.600006 428.600006
lfpw_trainImage/915.jpg 176.500000 247.500000 141.500000 295.100006 224.600006 295.500000
lfpw_trainImage/916.jpg 212.199997 188.100006 170.399994 211.399994 224.699997 217.600006
lfpw_trainImage/917.jpg 421.500000 292.799988 410.200012 351.600006 483.000000 326.000000
lfpw_trainImage/918.jpg 643.599976 532.400024 535.500000 593.099976 683.000000 600.200012
lfpw_trainImage/919.jpg 202.399994 335.799988 167.699997 394.500000 277.000000 397.200012
lfpw_trainImage/926.jpg 227.800003 163.899994 191.100006 209.500000 245.300003 206.699997
lfpw_trainImage/928.jpg 179.800003 304.600006 135.300003 353.000000 205.699997 374.500000
lfpw_trainImage/929.jpg 139.800003 187.399994 117.699997 243.100006 185.300003 242.000000
lfpw_trainImage/930.jpg 183.899994 185.899994 144.699997 216.699997 206.899994 209.500000
lfpw_trainImage/931.jpg 214.000000 180.800003 192.300003 214.600006 239.000000 215.000000
lfpw_trainImage/932.jpg 286.500000 210.100006 275.500000 238.699997 319.899994 233.699997
lfpw_trainImage/934.jpg 160.899994 157.399994 129.399994 178.600006 168.399994 178.699997
lfpw_trainImage/936.jpg 92.300003 172.500000 81.800003 194.199997 122.300003 197.100006
lfpw_trainImage/937.jpg 333.799988 204.000000 328.700012 265.799988 413.899994 243.300003
lfpw_trainImage/938.jpg 191.800003 141.600006 176.100006 185.800003 224.199997 182.600006
lfpw_trainImage/939.jpg 113.800003 225.300003 104.500000 267.200012 173.000000 254.199997
lfpw_trainImage/940.jpg 219.399994 202.600006 194.600006 240.100006 265.100006 235.300003
lfpw_trainImage/942.jpg 312.100006 166.899994 287.500000 186.699997 339.799988 180.600006
lfpw_trainImage/943.jpg 176.399994 144.000000 155.800003 157.399994 199.399994 156.000000
lfpw_trainImage/944.jpg 136.800003 87.099998 105.000000 116.199997 154.100006 121.000000
lfpw_trainImage/945.jpg 208.300003 161.199997 179.699997 184.500000 221.899994 180.800003
lfpw_trainImage/946.jpg 193.000000 128.399994 170.000000 158.300003 219.500000 156.300003
lfpw_trainImage/947.jpg 253.199997 369.299988 209.600006 415.299988 288.200012 405.600006
lfpw_trainImage/948.jpg 229.300003 296.000000 197.399994 335.899994 282.100006 334.899994
lfpw_trainImage/950.jpg 177.000000 122.400002 157.300003 156.600006 200.500000 157.199997
lfpw_trainImage/952.jpg 190.100006 221.300003 161.600006 247.500000 218.600006 245.600006
lfpw_trainImage/954.jpg 153.199997 268.000000 127.099998 311.200012 203.000000 302.399994
lfpw_trainImage/955.jpg 196.000000 137.399994 162.899994 172.100006 205.399994 174.000000
lfpw_trainImage/956.jpg 223.199997 156.100006 191.000000 180.800003 229.300003 185.000000
lfpw_trainImage/957.jpg 714.400024 286.399994 657.200012 322.899994 726.099976 328.799988
lfpw_trainImage/958.jpg 176.699997 155.699997 169.000000 219.100006 251.500000 201.000000
lfpw_trainImage/959.jpg 167.600006 214.899994 148.000000 251.300003 212.399994 253.199997
lfpw_trainImage/961.jpg 285.000000 167.399994 259.600006 234.000000 319.700012 223.399994
lfpw_trainImage/963.jpg 93.900002 252.800003 58.799999 300.000000 127.099998 300.299988
lfpw_trainImage/964.jpg 388.399994 316.700012 339.100006 360.700012 434.500000 355.399994
lfpw_trainImage/965.jpg 122.099998 175.800003 90.300003 221.800003 141.100006 216.199997
lfpw_trainImage/966.jpg 154.399994 159.199997 137.199997 198.399994 185.199997 195.800003
lfpw_trainImage/967.jpg 287.500000 224.300003 246.899994 277.399994 327.799988 281.600006
lfpw_trainImage/969.jpg 220.399994 197.100006 189.699997 224.199997 250.300003 234.100006
lfpw_trainImage/970.jpg 185.300003 128.500000 164.100006 150.199997 215.399994 147.600006
lfpw_trainImage/971.jpg 1101.300049 779.000000 1006.299988 884.000000 1249.900024 844.099976
lfpw_trainImage/972.jpg 111.699997 105.900002 91.300003 134.699997 129.699997 126.099998
lfpw_trainImage/973.jpg 221.800003 157.699997 177.600006 183.199997 242.899994 187.199997
lfpw_trainImage/974.jpg 417.399994 477.399994 317.000000 530.799988 446.100006 528.400024
lfpw_trainImage/975.jpg 103.000000 129.399994 95.800003 144.500000 140.699997 143.500000
lfpw_trainImage/976.jpg 214.300003 201.000000 169.000000 229.800003 238.600006 228.500000
lfpw_trainImage/977.jpg 183.199997 138.699997 154.500000 158.800003 194.699997 158.600006
lfpw_trainImage/978.jpg 242.399994 104.500000 215.399994 121.800003 244.100006 124.699997
lfpw_trainImage/979.jpg 321.899994 164.600006 311.299988 199.000000 352.500000 184.300003
lfpw_trainImage/981.jpg 113.300003 354.200012 99.699997 418.000000 219.699997 397.100006
lfpw_trainImage/982.jpg 160.100006 185.000000 126.800003 217.199997 190.899994 217.500000
lfpw_trainImage/983.jpg 94.300003 207.600006 84.199997 239.000000 139.899994 228.699997
lfpw_trainImage/984.jpg 228.199997 186.600006 225.500000 212.199997 271.000000 204.899994
lfpw_trainImage/985.jpg 216.399994 213.399994 169.100006 257.600006 256.700012 253.199997
lfpw_trainImage/987.jpg 259.299988 174.800003 219.500000 189.800003 262.899994 201.199997
lfpw_trainImage/988.jpg 264.000000 162.399994 228.399994 190.600006 304.899994 184.300003
lfpw_trainImage/989.jpg 175.100006 143.800003 153.699997 161.000000 190.500000 163.000000
lfpw_trainImage/990.jpg 197.399994 126.800003 164.399994 145.199997 216.399994 143.199997
lfpw_trainImage/991.jpg 326.299988 266.899994 267.600006 304.700012 346.100006 301.600006
lfpw_trainImage/992.jpg 184.600006 209.399994 137.000000 236.600006 220.500000 247.800003
lfpw_trainImage/993.jpg 215.500000 264.799988 158.000000 304.600006 240.100006 313.799988
lfpw_trainImage/995.jpg 495.899994 248.899994 476.899994 282.100006 532.700012 291.700012
lfpw_trainImage/997.jpg 238.300003 140.800003 205.699997 160.800003 256.399994 160.300003
